#Directory, 																							font name,		  font file name, 			   font size, r,  g,  b,  a,  outline,	 additional advance x, chars
C:\Users\charl\OneDrive\Documents\GitHub\Modern-Day-Sandbox\gfx\fonts\blender_font\BlenderPro-Bold.ttf "Blender Pro Bold" Blender_Bold_White_10   	   10		  255 255 255 255 0          0
"
	161 163
	165 165
	171 171
	187 187
	191 382
	461 468
	486 487
	536 537
	1024 1119
	1168 1169
	7682 7687
	7690 7695
	7714 7717
	7766 7767
	7776 7779
	7788 7791
	7814 7815
	7826 7827
	7830 7831
	7840 7841
	7852 7853
	7864 7865
	7878 7879
	7882 7885
	7896 7897
	7908 7909
	7922 7923
	8211 8212
	8216 8218
	8220 8222
	8249 8250
	8364 8364
	8482 8482
	8804 8805
"

C:\Users\charl\OneDrive\Documents\GitHub\Modern-Day-Sandbox\gfx\fonts\blender_font\BlenderPro-Bold.ttf "Blender Pro Bold" Blender_Bold_White_12   12		  255 255 255 255 0          0
"161 163 165 165 171 171 187 187 191 382 461 468 486 487 536 537 1024 1119 1168 1169 7682 7687 7690 7695 7714 7717 7766 7767 7776 7779 7788 7791 7814 7815 7826 7827 7830 7831 7840 7841 7852 7853 7864 7865 7878 7879 7882 7885 7896 7897 7908 7909 7922 7923 8211 8212 8216 8218 8220 8222 8249 8250 8364 8364 8482 8482 8804 8805"
C:\Users\charl\OneDrive\Documents\GitHub\Modern-Day-Sandbox\gfx\fonts\blender_font\BlenderPro-Bold.ttf "Blender Pro Bold" Blender_Bold_White_13   13		  255 255 255 255 0          0
"161 163 165 165 171 171 187 187 191 382 461 468 486 487 536 537 1024 1119 1168 1169 7682 7687 7690 7695 7714 7717 7766 7767 7776 7779 7788 7791 7814 7815 7826 7827 7830 7831 7840 7841 7852 7853 7864 7865 7878 7879 7882 7885 7896 7897 7908 7909 7922 7923 8211 8212 8216 8218 8220 8222 8249 8250 8364 8364 8482 8482 8804 8805"
C:\Users\charl\OneDrive\Documents\GitHub\Modern-Day-Sandbox\gfx\fonts\blender_font\BlenderPro-Bold.ttf "Blender Pro Bold" Blender_Bold_White_14   14		  255 255 255 255 0          0
"161 163 165 165 171 171 187 187 191 382 461 468 486 487 536 537 1024 1119 1168 1169 7682 7687 7690 7695 7714 7717 7766 7767 7776 7779 7788 7791 7814 7815 7826 7827 7830 7831 7840 7841 7852 7853 7864 7865 7878 7879 7882 7885 7896 7897 7908 7909 7922 7923 8211 8212 8216 8218 8220 8222 8249 8250 8364 8364 8482 8482 8804 8805"
C:\Users\charl\OneDrive\Documents\GitHub\Modern-Day-Sandbox\gfx\fonts\blender_font\BlenderPro-Bold.ttf "Blender Pro Bold" Blender_Bold_White_15   15		  255 255 255 255 0          0
"161 163 165 165 171 171 187 187 191 382 461 468 486 487 536 537 1024 1119 1168 1169 7682 7687 7690 7695 7714 7717 7766 7767 7776 7779 7788 7791 7814 7815 7826 7827 7830 7831 7840 7841 7852 7853 7864 7865 7878 7879 7882 7885 7896 7897 7908 7909 7922 7923 8211 8212 8216 8218 8220 8222 8249 8250 8364 8364 8482 8482 8804 8805"
C:\Users\charl\OneDrive\Documents\GitHub\Modern-Day-Sandbox\gfx\fonts\blender_font\BlenderPro-Bold.ttf "Blender Pro Bold" Blender_Bold_White_16   16		  255 255 255 255 0          0
"161 163 165 165 171 171 187 187 191 382 461 468 486 487 536 537 1024 1119 1168 1169 7682 7687 7690 7695 7714 7717 7766 7767 7776 7779 7788 7791 7814 7815 7826 7827 7830 7831 7840 7841 7852 7853 7864 7865 7878 7879 7882 7885 7896 7897 7908 7909 7922 7923 8211 8212 8216 8218 8220 8222 8249 8250 8364 8364 8482 8482 8804 8805"
C:\Users\charl\OneDrive\Documents\GitHub\Modern-Day-Sandbox\gfx\fonts\blender_font\BlenderPro-Bold.ttf "Blender Pro Bold" Blender_Bold_White_16_outline   16  255 255 255 255 2          -1
"161 163 165 165 171 171 187 187 191 382 461 468 486 487 536 537 1024 1119 1168 1169 7682 7687 7690 7695 7714 7717 7766 7767 7776 7779 7788 7791 7814 7815 7826 7827 7830 7831 7840 7841 7852 7853 7864 7865 7878 7879 7882 7885 7896 7897 7908 7909 7922 7923 8211 8212 8216 8218 8220 8222 8249 8250 8364 8364 8482 8482 8804 8805"
C:\Users\charl\OneDrive\Documents\GitHub\Modern-Day-Sandbox\gfx\fonts\blender_font\BlenderPro-Bold.ttf "Blender Pro Bold" Blender_Bold_White_18   18		  255 255 255 255 0          0
"161 163 165 165 171 171 187 187 191 382 461 468 486 487 536 537 1024 1119 1168 1169 7682 7687 7690 7695 7714 7717 7766 7767 7776 7779 7788 7791 7814 7815 7826 7827 7830 7831 7840 7841 7852 7853 7864 7865 7878 7879 7882 7885 7896 7897 7908 7909 7922 7923 8211 8212 8216 8218 8220 8222 8249 8250 8364 8364 8482 8482 8804 8805"
C:\Users\charl\OneDrive\Documents\GitHub\Modern-Day-Sandbox\gfx\fonts\blender_font\BlenderPro-Bold.ttf "Blender Pro Bold" Blender_Bold_White_18_outline   18  255 255 255 255 3          -2
"161 163 165 165 171 171 187 187 191 382 461 468 486 487 536 537 1024 1119 1168 1169 7682 7687 7690 7695 7714 7717 7766 7767 7776 7779 7788 7791 7814 7815 7826 7827 7830 7831 7840 7841 7852 7853 7864 7865 7878 7879 7882 7885 7896 7897 7908 7909 7922 7923 8211 8212 8216 8218 8220 8222 8249 8250 8364 8364 8482 8482 8804 8805"
C:\Users\charl\OneDrive\Documents\GitHub\Modern-Day-Sandbox\gfx\fonts\blender_font\BlenderPro-Bold.ttf "Blender Pro Bold" Blender_Bold_White_19   19		  255 255 255 255 0          0
"161 163 165 165 171 171 187 187 191 382 461 468 486 487 536 537 1024 1119 1168 1169 7682 7687 7690 7695 7714 7717 7766 7767 7776 7779 7788 7791 7814 7815 7826 7827 7830 7831 7840 7841 7852 7853 7864 7865 7878 7879 7882 7885 7896 7897 7908 7909 7922 7923 8211 8212 8216 8218 8220 8222 8249 8250 8364 8364 8482 8482 8804 8805"
C:\Users\charl\OneDrive\Documents\GitHub\Modern-Day-Sandbox\gfx\fonts\blender_font\BlenderPro-Bold.ttf "Blender Pro Bold" Blender_Bold_White_20   20		  255 255 255 255 0          0
"161 163 165 165 171 171 187 187 191 382 461 468 486 487 536 537 1024 1119 1168 1169 7682 7687 7690 7695 7714 7717 7766 7767 7776 7779 7788 7791 7814 7815 7826 7827 7830 7831 7840 7841 7852 7853 7864 7865 7878 7879 7882 7885 7896 7897 7908 7909 7922 7923 8211 8212 8216 8218 8220 8222 8249 8250 8364 8364 8482 8482 8804 8805"
C:\Users\charl\OneDrive\Documents\GitHub\Modern-Day-Sandbox\gfx\fonts\blender_font\BlenderPro-Bold.ttf "Blender Pro Bold" Blender_Bold_White_20_outline   20  255 255 255 255 3          -2
"161 163 165 165 171 171 187 187 191 382 461 468 486 487 536 537 1024 1119 1168 1169 7682 7687 7690 7695 7714 7717 7766 7767 7776 7779 7788 7791 7814 7815 7826 7827 7830 7831 7840 7841 7852 7853 7864 7865 7878 7879 7882 7885 7896 7897 7908 7909 7922 7923 8211 8212 8216 8218 8220 8222 8249 8250 8364 8364 8482 8482 8804 8805"
C:\Users\charl\OneDrive\Documents\GitHub\Modern-Day-Sandbox\gfx\fonts\blender_font\BlenderPro-Bold.ttf "Blender Pro Bold" Blender_Bold_White_24   24		  255 255 255 255 0          0
"161 163 165 165 171 171 187 187 191 382 461 468 486 487 536 537 1024 1119 1168 1169 7682 7687 7690 7695 7714 7717 7766 7767 7776 7779 7788 7791 7814 7815 7826 7827 7830 7831 7840 7841 7852 7853 7864 7865 7878 7879 7882 7885 7896 7897 7908 7909 7922 7923 8211 8212 8216 8218 8220 8222 8249 8250 8364 8364 8482 8482 8804 8805"
C:\Users\charl\OneDrive\Documents\GitHub\Modern-Day-Sandbox\gfx\fonts\blender_font\BlenderPro-Bold.ttf "Blender Pro Bold" Blender_Bold_White_28   28		  255 255 255 255 0          0
"161 163 165 165 171 171 187 187 191 382 461 468 486 487 536 537 1024 1119 1168 1169 7682 7687 7690 7695 7714 7717 7766 7767 7776 7779 7788 7791 7814 7815 7826 7827 7830 7831 7840 7841 7852 7853 7864 7865 7878 7879 7882 7885 7896 7897 7908 7909 7922 7923 8211 8212 8216 8218 8220 8222 8249 8250 8364 8364 8482 8482 8804 8805"



C:\Users\charl\OneDrive\Documents\GitHub\Modern-Day-Sandbox\gfx\fonts\blender_font\BlenderPro-Heavy.ttf "Blender Pro Heavy" Blender_Heavy_White_18_outline 18 255 255 255 255 3          -2
"
	161 163
	165 165
	171 171
	187 187
	191 246
	248 382
	461 468
	486 487
	536 537
	1024 1119
	1168 1169
	7682 7687
	7690 7695
	7714 7717
	7766 7767
	7776 7779
	7788 7791
	7814 7815
	7826 7827
	7830 7831
	7840 7841
	7852 7853
	7864 7865
	7878 7879
	7882 7885
	7896 7897
	7908 7909
	7922 7923
	8211 8212
	8216 8218
	8220 8222
	8249 8250
	8364 8364
	8482 8482
	8804 8805
"


C:\Users\charl\OneDrive\Documents\GitHub\Modern-Day-Sandbox\gfx\fonts\blender_font\BlenderPro-Heavy.ttf "Blender Pro Heavy" Blender_Heavy_White_22_outline 22 255 255 255 255 3          -2
"161 163 165 165 171 171 187 187 191 246 248 382 461 468 486 487 536 537 1024 1119 1168 1169 7682 7687 7690 7695 7714 7717 7766 7767 7776 7779 7788 7791 7814 7815 7826 7827 7830 7831 7840 7841 7852 7853 7864 7865 7878 7879 7882 7885 7896 7897 7908 7909 7922 7923 8211 8212 8216 8218 8220 8222 8249 8250 8364 8364 8482 8482 8804 8805"
C:\Users\charl\OneDrive\Documents\GitHub\Modern-Day-Sandbox\gfx\fonts\blender_font\BlenderPro-Heavy.ttf "Blender Pro Heavy" Blender_Heavy_White_24 		   24 255 255 255 255 0          0
"161 163 165 165 171 171 187 187 191 246 248 382 461 468 486 487 536 537 1024 1119 1168 1169 7682 7687 7690 7695 7714 7717 7766 7767 7776 7779 7788 7791 7814 7815 7826 7827 7830 7831 7840 7841 7852 7853 7864 7865 7878 7879 7882 7885 7896 7897 7908 7909 7922 7923 8211 8212 8216 8218 8220 8222 8249 8250 8364 8364 8482 8482 8804 8805"
C:\Users\charl\OneDrive\Documents\GitHub\Modern-Day-Sandbox\gfx\fonts\blender_font\BlenderPro-Heavy.ttf "Blender Pro Heavy" Blender_Heavy_White_24_50pc_opacity 24 255 255 255 127 0     0
"161 163 165 165 171 171 187 187 191 246 248 382 461 468 486 487 536 537 1024 1119 1168 1169 7682 7687 7690 7695 7714 7717 7766 7767 7776 7779 7788 7791 7814 7815 7826 7827 7830 7831 7840 7841 7852 7853 7864 7865 7878 7879 7882 7885 7896 7897 7908 7909 7922 7923 8211 8212 8216 8218 8220 8222 8249 8250 8364 8364 8482 8482 8804 8805"
C:\Users\charl\OneDrive\Documents\GitHub\Modern-Day-Sandbox\gfx\fonts\blender_font\BlenderPro-Heavy.ttf "Blender Pro Heavy" Blender_Heavy_White_24_outline 24 255 255 255 255 3          -2
"161 163 165 165 171 171 187 187 191 246 248 382 461 468 486 487 536 537 1024 1119 1168 1169 7682 7687 7690 7695 7714 7717 7766 7767 7776 7779 7788 7791 7814 7815 7826 7827 7830 7831 7840 7841 7852 7853 7864 7865 7878 7879 7882 7885 7896 7897 7908 7909 7922 7923 8211 8212 8216 8218 8220 8222 8249 8250 8364 8364 8482 8482 8804 8805"
C:\Users\charl\OneDrive\Documents\GitHub\Modern-Day-Sandbox\gfx\fonts\blender_font\BlenderPro-Heavy.ttf "Blender Pro Heavy" Blender_Heavy_White_28 		   28 255 255 255 255 0          0
"161 163 165 165 171 171 187 187 191 246 248 382 461 468 486 487 536 537 1024 1119 1168 1169 7682 7687 7690 7695 7714 7717 7766 7767 7776 7779 7788 7791 7814 7815 7826 7827 7830 7831 7840 7841 7852 7853 7864 7865 7878 7879 7882 7885 7896 7897 7908 7909 7922 7923 8211 8212 8216 8218 8220 8222 8249 8250 8364 8364 8482 8482 8804 8805"
C:\Users\charl\OneDrive\Documents\GitHub\Modern-Day-Sandbox\gfx\fonts\blender_font\BlenderPro-Heavy.ttf "Blender Pro Heavy" Blender_Heavy_White_30 		   30 255 255 255 255 0          0
"161 163 165 165 171 171 187 187 191 246 248 382 461 468 486 487 536 537 1024 1119 1168 1169 7682 7687 7690 7695 7714 7717 7766 7767 7776 7779 7788 7791 7814 7815 7826 7827 7830 7831 7840 7841 7852 7853 7864 7865 7878 7879 7882 7885 7896 7897 7908 7909 7922 7923 8211 8212 8216 8218 8220 8222 8249 8250 8364 8364 8482 8482 8804 8805"
C:\Users\charl\OneDrive\Documents\GitHub\Modern-Day-Sandbox\gfx\fonts\blender_font\BlenderPro-Heavy.ttf "Blender Pro Heavy" Blender_Heavy_White_32 		   32 255 255 255 255 0          0
"161 163 165 165 171 171 187 187 191 246 248 382 461 468 486 487 536 537 1024 1119 1168 1169 7682 7687 7690 7695 7714 7717 7766 7767 7776 7779 7788 7791 7814 7815 7826 7827 7830 7831 7840 7841 7852 7853 7864 7865 7878 7879 7882 7885 7896 7897 7908 7909 7922 7923 8211 8212 8216 8218 8220 8222 8249 8250 8364 8364 8482 8482 8804 8805"
C:\Users\charl\OneDrive\Documents\GitHub\Modern-Day-Sandbox\gfx\fonts\blender_font\BlenderPro-Heavy.ttf "Blender Pro Heavy" hoi_mapfont4 		  		  110 255 255 255 127 6          -4
"161 163 165 165 171 171 187 187 191 246 248 382 461 468 486 487 536 537 1024 1119 1168 1169 7682 7687 7690 7695 7714 7717 7766 7767 7776 7779 7788 7791 7814 7815 7826 7827 7830 7831 7840 7841 7852 7853 7864 7865 7878 7879 7882 7885 7896 7897 7908 7909 7922 7923 8211 8212 8216 8218 8220 8222 8249 8250 8364 8364 8482 8482 8804 8805"