5 19 13571 13570 3957 13580 13583 13579 13582 9758 13474 6845 13591 11782 13588 6882 13586 13601 3878 859 13597 
5 6 13520 13521 12357 13541 13540 9450 
4 7 12357 12456 10341 4664 4807 13314 13293 
5 22 6710 9667 9711 13614 722 774 3763 13612 13607 13604 3775 13606 6797 9580 11567 3605 6630 13611 3778 13610 4270 13615 
5 7 13615 13618 4345 9601 7291 13620 13619 
3 4 7361 7644 7304 4360 
4 10 13619 7433 1284 12291 4362 634 12289 4285 1424 7304 
3 5 6732 13476 3906 905 13480 
5 9 3906 13481 11830 9832 13484 13485 13486 13598 13601 
5 5 13478 9850 13483 6909 13484 
2 5 7433 10174 12202 7462 3732 
4 4 6732 13475 3712 3732 
5 4 6732 13477 3710 13478 
2 4 11662 7345 13617 13615 
4 7 3763 13613 749 13602 11654 734 13603 
4 4 9450 13543 6713 9654 
3 7 9654 695 9684 6769 11669 13525 6710 
4 12 6710 13527 13526 11656 689 11637 1595 870 9810 7551 13550 13549 
5 4 9654 9653 4437 6713 
5 4 4437 4531 13551 13549 
3 9 12582 5205 751 709 4738 4166 9657 13522 13520 
2 4 13528 6782 11731 10303 
2 4 11669 3766 11731 7420 
3 5 9654 11641 11685 13529 13528 
3 2 11685 9684 
5 10 13593 13595 11789 11769 11758 3847 11785 6869 13592 6845 
4 7 9708 1436 9693 3806 6911 13600 13598 
3 5 11785 9820 3897 6717 9708 
3 6 13593 13594 11800 4442 13563 6890 
5 13 13560 13561 13562 4601 9775 13567 13566 13569 6855 3853 9825 13565 6890 
3 6 13566 13568 11776 831 9796 13550 
5 5 13560 4527 10448 13552 13549 
2 3 689 3685 9825 
2 3 11769 9789 9923 
5 10 13576 13577 788 11738 13574 13572 13573 3823 873 13571 
2 4 3917 6892 9786 13474 
4 4 13586 13599 13600 13486 
3 4 3806 11665 10381 11662 
3 4 9708 6795 6778 3605 
4 4 13603 3733 3747 9708 
3 5 3733 3702 11650 894 3897 
2 6 11789 880 3880 11648 9664 11654 
2 6 6890 13564 882 3687 6707 11654 
3 6 10381 4445 7629 10481 6719 7462 
3 6 7462 12459 1338 1619 4342 4285 
1 3 4623 1354 7361 
1 4 7788 12698 7758 12505 
1 4 7893 12223 12149 13620 
2 9 12582 7366 9467 6510 6676 9634 3661 3635 13611 
2 7 3775 13605 9583 9585 11728 3640 9467 
5 11 4569 13547 12305 10457 1527 10339 6737 12368 13546 13542 9450 
1 3 1734 6767 7899 
3 6 12582 602 777 10718 4775 7899 
3 6 7899 1769 4875 1873 13622 13621 
5 6 13630 13633 7787 13629 13627 13625 
2 4 13640 13641 7259 13639 
5 14 13642 13643 4428 10157 7315 13401 13400 13402 7386 10271 13399 13396 13397 3513 
2 9 13642 13644 13645 4413 7753 7677 12578 7820 1262 
3 4 13625 13626 3706 1262 
2 8 1323 1737 7761 1347 6754 3010 13632 13630 
1 11 13537 13539 13536 4848 10707 1872 4678 7858 1785 7766 3010 
1 7 1323 12571 12508 1799 13202 13203 10707 
3 7 13621 13623 4790 12145 1848 1788 12603 
2 5 1262 13635 10552 3769 12603 
3 3 6719 10230 10174 
3 3 7345 7289 10230 
5 23 13501 13507 638 7118 13500 13499 3994 7527 13512 13513 4491 13517 13514 13515 7138 10081 7045 13519 13518 11783 3925 11841 13574 
5 3 13415 13417 13416 
5 2 13416 13415 
5 12 13417 1584 13425 13423 13427 866 10489 9834 13422 13421 13419 13418 
3 6 13418 1843 1913 12752 7388 13415 
3 2 12752 10489 
4 7 13425 12439 12381 13429 13428 1480 11975 
5 5 13473 1453 13472 13471 7552 
5 7 13488 13490 13491 4594 9996 13504 13501 
3 8 1480 12470 12498 860 7422 1587 13489 13488 
3 8 7668 7480 10520 10352 10380 10407 1556 1584 
2 3 860 7640 10352 
4 5 11975 1547 7202 13511 13510 
3 5 13515 7134 11927 10047 13510 
4 3 13518 12054 1132 
2 4 11665 9675 3715 3712 
2 4 3897 891 3693 13586 
2 4 882 6705 6899 880 
2 5 880 12405 6872 6885 11785 
5 8 13459 13460 13455 13461 13456 13457 13454 13458 
5 7 13458 13459 13463 7981 5022 13466 13465 
5 5 13467 13469 12782 1927 13465 
4 3 13444 13448 13446 
5 4 13446 13447 13450 13451 
4 4 13465 12341 13451 13446 
4 6 6785 2042 4884 13449 10337 13444 
3 4 13444 1500 1528 1643 
4 3 1643 4535 13473 
4 4 1453 7524 4464 7668 
3 9 13487 10410 1559 4522 12401 4577 10778 3960 13458 
4 4 13487 4565 10449 1453 
2 3 4565 1615 7668 
4 5 13496 13498 7464 11717 1587 
4 3 10410 4510 7464 
5 11 13496 13497 7797 10615 1987 12501 13493 13492 13495 10281 1758 
5 6 13501 13503 13505 5090 968 1758 
3 6 13514 4491 4653 7643 9967 5090 
3 6 6971 7588 7466 1506 10412 11841 
2 4 9923 3941 7646 7588 
2 5 6855 827 3829 801 9923 
3 5 13582 6984 6929 6823 9923 
2 4 13571 951 11888 6823 
4 3 11785 822 6984 
5 4 13553 13554 1445 13557 
4 5 6971 7547 4452 13558 13557 
4 8 4569 13433 13434 4449 4540 4625 1646 13496 
3 8 13553 13555 1881 11621 11635 954 7831 12305 
2 5 13493 12670 4402 10586 7831 
4 6 1758 10657 4988 12709 6696 13555 
4 4 10657 1582 12568 13557 
3 4 7643 8014 7558 1506 
1 3 1582 9779 8014 
2 4 10081 12445 10439 1506 
2 6 788 9876 6943 4168 1163 1132 
2 3 11927 1019 1132 
3 3 10407 12325 12498 
3 4 4857 7760 10587 1747 
2 4 1747 1875 12620 12667 
5 2 13315 13293 
3 7 13315 1719 3699 4029 7829 4834 4166 
2 3 1734 12550 1719 
3 6 12667 1867 9880 1866 12530 13293 
2 12 4857 7880 1767 7877 12566 1836 4772 1752 3719 12597 12588 1734 
1 3 1836 7862 12620 
4 5 13430 13431 12418 4691 4807 
5 4 10717 13438 7834 1352 
4 6 13430 1678 10333 10391 13436 10717 
5 7 4569 13432 1523 7607 12361 13435 10717 
3 7 13541 12312 11589 10478 7306 7458 13431 
2 5 4029 1760 10341 1560 10478 
3 4 1527 4590 7449 7607 
3 5 10448 12437 4508 12697 10457 
5 7 13456 2082 11743 9822 13443 13441 13439 
4 8 13461 9920 1915 12301 1998 4955 10894 10740 
5 4 13407 3883 12791 10740 
4 7 12301 9773 10867 12684 4975 13406 13407 
5 4 13413 13412 13408 13411 
4 6 13406 12552 12627 10588 13411 13408 
4 8 13388 4865 4668 10535 6887 1658 1827 13413 
2 5 6742 7779 4860 12585 4857 
3 3 1262 1854 6742 
3 10 1690 12673 4778 9616 12607 9695 12535 12651 1851 12585 
1 3 4778 3781 6742 
4 7 13400 13403 7442 10155 4747 10327 1690 
4 3 4723 10640 10711 
3 4 10711 7688 7888 12535 
4 5 13387 13386 13389 10582 12535 
4 8 13383 13384 13385 7879 12699 12573 10651 4865 
5 10 13378 13382 11757 823 7986 10783 13390 13393 3834 13394 
4 6 13407 1972 4796 7747 13392 13390 
3 4 13394 7920 5044 12791 
3 5 13390 13391 853 1793 12765 
5 4 13378 9814 11859 13375 
4 8 13383 4799 4657 10387 11795 13381 13380 13378 
5 11 13374 13370 9713 6699 6694 6876 4518 9911 9855 13379 13380 
4 9 13375 6881 986 3840 9637 13367 13369 9671 13367 
5 5 13369 13368 3678 13372 6699 
2 6 4723 4760 4830 10606 7852 12586 
4 4 13430 1770 10666 12586 
4 6 13439 13440 7904 1806 4811 1352 
3 4 1806 2043 1534 10370 
4 8 1646 4444 12489 12778 6803 1618 5103 13441 
5 4 11757 7517 13376 13377 
3 3 9637 6861 4518 
3 5 10422 4607 4521 12425 4799 
2 5 10651 7756 7827 4736 10422 
2 3 12607 1862 4736 
3 5 13374 9697 768 6772 9730 
3 15 9713 11658 677 6681 6757 9730 610 3644 505 11495 12281 4380 12211 13398 13396 
2 4 3513 4328 528 11495 
2 6 528 10151 4347 4331 10159 10422 
2 4 12607 10625 10305 4347 
1 4 6742 10602 10672 12535 
3 3 1690 10693 12578 
1 6 4747 10690 7865 4826 1414 4347 
2 4 10422 11698 766 9697 
2 6 12552 10645 10573 7821 850 12699 
1 2 12765 7821 
2 5 6887 7684 7764 7818 10573 
3 8 7904 11802 10340 4814 12570 1809 12642 13411 
2 4 10333 10676 3708 7852 
2 6 1875 7840 3613 4830 4871 12570 
3 3 12603 4759 7877 
3 3 4790 1870 3719 
3 7 3719 10685 4880 12667 10595 12646 12586 
4 5 12489 4597 10370 1564 13435 
3 4 10370 12463 1621 13434 
2 4 10711 4794 7745 1747 
1 4 10340 12024 1753 3708 
2 6 12684 2102 9908 3972 12848 1915 
4 5 13467 13468 2019 12728 4955 
2 4 1915 12875 8064 12728 
1 3 7760 4610 10711 
2 4 3883 8070 12720 9773 
