1 3957 
1 13419 
1 13423 
1 13415 
1 13428 
1 13501 
1 13488 
1 13513 
1 13514 
1 13510 
1 13518 
1 13576 
1 13572 
1 6890 
1 6710 
1 13566 
1 13593 
1 6845 
1 6882 
1 13579 
1 13474 
1 13601 
1 13483 
1 13478 
1 6732 
1 9693 
1 13603 
1 13602 
1 7629 
1 3732 
1 6971 
1 13560 
1 1595 
1 13528
1 13520
1 9450
1 12456
1 13293
1 4166
1 10657
1 13492
1 13488
1 13496
1 13487
1 13471
1 13473
1 13446
1 13455
1 13455
1 13465
1 13467
1 6785
1 11785
1 860
1 7480
1 12489
1 10740
1 13407
1 12684
1 10717
1 4569
1 10457
1 1352
1 13430
1 12586
1 13549
1 13557
1 13394
1 13390
1 12765
1 13383
1 10422
1 13370
1 4518
1 13376
1 13378
1 13381
1 13375
1 13369
1 9671
1 610
1 528
1 13396
1 13400
1 1690
1 4857
1 4723
1 1747
1 1836
1 12667
1 13408
1 13386
1 12607
1 12535
1 10711
1 6742
1 4955
1 12401
1 13481
1 13543
1 9654
1 7306
1 13439
1 1806
1 13499
1 9911
1 13553
